########################
Metrics
@1
F1:0.3207570946116236
P:0.48434900952668986
R:0.2550279752003629
@3
F1:0.360975855637885
P:0.31170925953929124
R:0.4689752507686879
@5
F1:0.3141665406522507
P:0.2273098442461818
R:0.5626291647764504
########################
