########################
Metrics
@1
F1:0.3420283280407278
P:0.5127778617873885
R:0.2731488482282373
@3
F1:0.374298099702606
P:0.3225464993195222
R:0.48886032562125104
@5
F1:0.32469414501018923
P:0.23493119612883717
R:0.5819345733151872
#########################
