########################
Metrics
@1
F1:0.3174555169111346
P:0.476334492665961
R:0.2533141791420938
@3
F1:0.3318766066838046
P:0.28519582640254043
R:0.4355058218660215
@5
F1:0.28884124343824935
P:0.20849841221835777
R:0.5212712334291043
#########################
