########################
Metrics
@1
F1:0.3398608800846817
P:0.510812036897021
R:0.27085538585614194
@3
F1:0.35549170825142395
P:0.30641665406522506
R:0.46380865971067087
@5
F1:0.3110737868412147
P:0.22498109783759265
R:0.5579414284994203
#########################
