########################
Metrics
@1
F1:0.34346489238368866
P:0.5144412520792379
R:0.2747114269872473
@3
F1:0.36447905640405265
P:0.31387670749533747
R:0.476334492665961
@5
F1:0.3183124149402692
P:0.23006199909269623
R:0.5718534200312515
#########################
