########################
Metrics
@1
F1:0.3492615555219517
P:0.5212460305458945
R:0.2797520036292152
@3
F1:0.3758304350017642
P:0.3237562377135944
R:0.49080094762840865
@5
F1:0.3252396074110878
P:0.23532436110691063
R:0.5828418771107414
#########################
