########################
Metrics
@1
F1:0.26704975049145624
P:0.3970966278542265
R:0.21487978224708906
@3
F1:0.29198044256262917
P:0.2486516457482736
R:0.39077070416855686
@5
F1:0.20889589769069583
P:0.14919098744896417
R:0.39077070416855686
#########################
