########################
Metrics
@1
F1:0.27884518406454867
P:0.41074130105900153
R:0.225542107917297
@3
F1:0.2930235573805922
P:0.24936964195663136
R:0.39254916792738276
@5
F1:0.20960245419398219
P:0.1496217851739788
R:0.39254916792738276
#########################
