########################
Metrics
@1
F1:0.24429154695297142
P:0.36534099500982914
R:0.19554917082514237
@3
F1:0.27690407782650334
P:0.23685669640606888
R:0.3673320227834064
@5
F1:0.19837369395058793
P:0.1421140178436413
R:0.3673320227834064
#########################
