########################
Metrics
@1
F1:0.2514624306606152
P:0.3739788199697428
R:0.2022945032778618
@3
F1:0.2795562279374685
P:0.23877962682803833
R:0.37173474533535045
@5
F1:0.20019090843599166
P:0.143267776096823
R:0.37173474533535045
#########################
