########################
Metrics
@1
F1:0.349362367054791
P:0.5189777710570089
R:0.28083572760723824
@3
F1:0.3411159836685317
P:0.29673874691264673
R:0.4376984727052775
@5
F1:0.24561289811554443
P:0.1780432481475881
R:0.4376984727052775
#########################
