########################
Metrics
@1
F1:0.3546045667624376
P:0.532587327990322
R:0.28307878421291394
@3
F1:0.3732244568778668
P:0.3221936589545844
R:0.48560915368718177
@5
F1:0.3242710966134526
P:0.23471949190987448
R:0.5806744291546952
#########################
