########################
Metrics
@1
F1:0.3611573163969958
P:0.5378799334643883
R:0.289656736730682
@3
F1:0.3905791622561621
P:0.3368617369827108
R:0.5091486466051717
@5
F1:0.3371335680801884
P:0.24406472100408286
R:0.6034830384595997
#########################
