########################
Metrics
@1
F1:0.35556227632441145
P:0.5331921971873582
R:0.28406169665809766
@3
F1:0.3813851504612128
P:0.3292000604869197
R:0.4965976107666717
@5
F1:0.33163753933449985
P:0.24022380160290338
R:0.5928726246282574
#########################
