########################
Metrics
@1
F1:0.36350118453551084
P:0.5433237562377136
R:0.29089167800796406
@3
F1:0.39134028932909926
P:0.33716417158122886
R:0.5111648772619587
@5
F1:0.33788245375270937
P:0.2445788598215636
R:0.6052976460507081
#########################
