########################
Metrics
@1
F1:0.33030898734815256
P:0.49841221835778016
R:0.2626140430465245
@3
F1:0.35000756086496293
P:0.30132567165683755
R:0.4578859821563587
@5
F1:0.3054733461507997
P:0.2207167699984878
R:0.5495740712737537
#########################
