########################
Metrics
@1
F1:0.35503301577700486
P:0.5298654166036595
R:0.2842885226069862
@3
F1:0.3801602903372146
P:0.3273854528958113
R:0.4969756540148193
@5
F1:0.33115148372973874
P:0.23961893240586726
R:0.5933766822924542
#########################
