########################
Metrics
@1
F1:0.35878824537527093
P:0.5353092393769847
R:0.2874892887746358
@3
F1:0.38503452794999743
P:0.33141791420938554
R:0.5041332728464136
@5
F1:0.3354449749051292
P:0.2425525480114925
R:0.6025757346640456
#########################
