########################
Metrics
@1
F1:0.34792580271183027
P:0.5227582035384848
R:0.2775593527899592
@3
F1:0.37190886637431325
P:0.320530268662735
R:0.48545793638792273
@5
F1:0.32413428096174207
P:0.23450778769091188
R:0.5811280810524724
#########################
