########################
Metrics
@1
F1:0.3294772922022279
P:0.49674882806593074
R:0.2620343767326982
@3
F1:0.35051161852915974
P:0.302031352386713
R:0.4573315187257422
@5
F1:0.3042222030200255
P:0.2201119008014517
R:0.5456676243762286
#########################
