########################
Metrics
@1
F1:0.35135339482836836
P:0.5271435052169968
R:0.28043248147588085
@3
F1:0.3744745198850748
P:0.32294974545087957
R:0.4883562679570543
@5
F1:0.3254664333599764
P:0.2355360653258733
R:0.5831443117092595
#########################
